08 02 22 97 38 15 00 40 00 75
49 49 99 40 17 81 18 57 60 87
81 49 31 73 55 79 14 29 93 71
52 70 95 23 04 60 11 42 69 24
22 31 16 71 51 67 63 89 41 92
24 47 32 60 99 03 45 02 44 75
32 98 81 28 64 23 67 10 26 38
67 26 20 68 02 62 12 20 95 63
24 55 58 05 66 73 99 26 97 17
21 36 23 09 75 00 76 44 20 45
78 17 53 28 22 75 31 67 15 94
16 39 05 42 96 35 31 47 55 58
86 56 00 48 35 71 89 07 05 44
19 80 81 68 05 94 47 69 28 73
04 52 08 83 97 35 99 16 07 97
88 36 68 87 57 62 20 72 03 46
04 42 16 73 38 25 39 11 24 94
20 69 36 41 72 30 23 88 34 62
20 73 35 29 78 31 90 01 74 31
01 70 54 71 83 51 54 69 16 92